1000
0.000000e+00
3.138454e-03
6.276909e-03
9.415363e-03
1.255382e-02
1.569227e-02
1.883073e-02
2.196918e-02
2.510764e-02
2.824609e-02
3.138454e-02
3.452300e-02
3.766145e-02
4.079991e-02
4.393836e-02
4.707682e-02
5.021527e-02
5.335373e-02
5.649218e-02
5.963063e-02
6.276909e-02
6.590754e-02
6.904600e-02
7.218445e-02
7.532291e-02
7.846136e-02
8.159982e-02
8.473827e-02
8.787673e-02
9.101518e-02
9.415363e-02
9.729209e-02
1.004305e-01
1.035690e-01
1.067075e-01
1.098459e-01
1.129844e-01
1.161228e-01
1.192613e-01
1.223997e-01
1.255382e-01
1.286766e-01
1.318151e-01
1.349535e-01
1.380920e-01
1.412305e-01
1.443689e-01
1.475074e-01
1.506458e-01
1.537843e-01
1.569227e-01
1.600612e-01
1.631996e-01
1.663381e-01
1.694765e-01
1.726150e-01
1.757535e-01
1.788919e-01
1.820304e-01
1.851688e-01
1.883073e-01
1.914457e-01
1.945842e-01
1.977226e-01
2.008611e-01
2.039995e-01
2.071380e-01
2.102764e-01
2.134149e-01
2.165534e-01
2.196918e-01
2.228303e-01
2.259687e-01
2.291072e-01
2.322456e-01
2.353841e-01
2.385225e-01
2.416610e-01
2.447994e-01
2.479379e-01
2.510764e-01
2.542148e-01
2.573533e-01
2.604917e-01
2.636302e-01
2.667686e-01
2.699071e-01
2.730455e-01
2.761840e-01
2.793224e-01
2.824609e-01
2.855994e-01
2.887378e-01
2.918763e-01
2.950147e-01
2.981532e-01
3.012916e-01
3.044301e-01
3.075685e-01
3.107070e-01
3.138454e-01
3.169839e-01
3.201224e-01
3.232608e-01
3.263993e-01
3.295377e-01
3.326762e-01
3.358146e-01
3.389531e-01
3.420915e-01
3.452300e-01
3.483684e-01
3.515069e-01
3.546454e-01
3.577838e-01
3.609223e-01
3.640607e-01
3.671992e-01
3.703376e-01
3.734761e-01
3.766145e-01
3.797530e-01
3.828914e-01
3.860299e-01
3.891684e-01
3.923068e-01
3.954453e-01
3.985837e-01
4.017222e-01
4.048606e-01
4.079991e-01
4.111375e-01
4.142760e-01
4.174144e-01
4.205529e-01
4.236914e-01
4.268298e-01
4.299683e-01
4.331067e-01
4.362452e-01
4.393836e-01
4.425221e-01
4.456605e-01
4.487990e-01
4.519374e-01
4.550759e-01
4.582144e-01
4.613528e-01
4.644913e-01
4.676297e-01
4.707682e-01
4.739066e-01
4.770451e-01
4.801835e-01
4.833220e-01
4.864604e-01
4.895989e-01
4.927374e-01
4.958758e-01
4.990143e-01
5.021527e-01
5.052912e-01
5.084296e-01
5.115681e-01
5.147065e-01
5.178450e-01
5.209834e-01
5.241219e-01
5.272604e-01
5.303988e-01
5.335373e-01
5.366757e-01
5.398142e-01
5.429526e-01
5.460911e-01
5.492295e-01
5.523680e-01
5.555064e-01
5.586449e-01
5.617833e-01
5.649218e-01
5.680603e-01
5.711987e-01
5.743372e-01
5.774756e-01
5.806141e-01
5.837525e-01
5.868910e-01
5.900294e-01
5.931679e-01
5.963063e-01
5.994448e-01
6.025833e-01
6.057217e-01
6.088602e-01
6.119986e-01
6.151371e-01
6.182755e-01
6.214140e-01
6.245524e-01
6.276909e-01
6.308293e-01
6.339678e-01
6.371063e-01
6.402447e-01
6.433832e-01
6.465216e-01
6.496601e-01
6.527985e-01
6.559370e-01
6.590754e-01
6.622139e-01
6.653523e-01
6.684908e-01
6.716293e-01
6.747677e-01
6.779062e-01
6.810446e-01
6.841831e-01
6.873215e-01
6.904600e-01
6.935984e-01
6.967369e-01
6.998753e-01
7.030138e-01
7.061523e-01
7.092907e-01
7.124292e-01
7.155676e-01
7.187061e-01
7.218445e-01
7.249830e-01
7.281214e-01
7.312599e-01
7.343983e-01
7.375368e-01
7.406753e-01
7.438137e-01
7.469522e-01
7.500906e-01
7.532291e-01
7.563675e-01
7.595060e-01
7.626444e-01
7.657829e-01
7.689213e-01
7.720598e-01
7.751983e-01
7.783367e-01
7.814752e-01
7.846136e-01
7.877521e-01
7.908905e-01
7.940290e-01
7.971674e-01
8.003059e-01
8.034443e-01
8.065828e-01
8.097213e-01
8.128597e-01
8.159982e-01
8.191366e-01
8.222751e-01
8.254135e-01
8.285520e-01
8.316904e-01
8.348289e-01
8.379673e-01
8.411058e-01
8.442443e-01
8.473827e-01
8.505212e-01
8.536596e-01
8.567981e-01
8.599365e-01
8.630750e-01
8.662134e-01
8.693519e-01
8.724903e-01
8.756288e-01
8.787673e-01
8.819057e-01
8.850442e-01
8.881826e-01
8.913211e-01
8.944595e-01
8.975980e-01
9.007364e-01
9.038749e-01
9.070133e-01
9.101518e-01
9.132902e-01
9.164287e-01
9.195672e-01
9.227056e-01
9.258441e-01
9.289825e-01
9.321210e-01
9.352594e-01
9.383979e-01
9.415363e-01
9.446748e-01
9.478132e-01
9.509517e-01
9.540902e-01
9.572286e-01
9.603671e-01
9.635055e-01
9.666440e-01
9.697824e-01
9.729209e-01
9.760593e-01
9.791978e-01
9.823362e-01
9.854747e-01
9.886132e-01
9.917516e-01
9.948901e-01
9.980285e-01
1.001167e+00
1.004305e+00
1.007444e+00
1.010582e+00
1.013721e+00
1.016859e+00
1.019998e+00
1.023136e+00
1.026275e+00
1.029413e+00
1.032552e+00
1.035690e+00
1.038828e+00
1.041967e+00
1.045105e+00
1.048244e+00
1.051382e+00
1.054521e+00
1.057659e+00
1.060798e+00
1.063936e+00
1.067075e+00
1.070213e+00
1.073351e+00
1.076490e+00
1.079628e+00
1.082767e+00
1.085905e+00
1.089044e+00
1.092182e+00
1.095321e+00
1.098459e+00
1.101598e+00
1.104736e+00
1.107874e+00
1.111013e+00
1.114151e+00
1.117290e+00
1.120428e+00
1.123567e+00
1.126705e+00
1.129844e+00
1.132982e+00
1.136121e+00
1.139259e+00
1.142397e+00
1.145536e+00
1.148674e+00
1.151813e+00
1.154951e+00
1.158090e+00
1.161228e+00
1.164367e+00
1.167505e+00
1.170644e+00
1.173782e+00
1.176920e+00
1.180059e+00
1.183197e+00
1.186336e+00
1.189474e+00
1.192613e+00
1.195751e+00
1.198890e+00
1.202028e+00
1.205167e+00
1.208305e+00
1.211443e+00
1.214582e+00
1.217720e+00
1.220859e+00
1.223997e+00
1.227136e+00
1.230274e+00
1.233413e+00
1.236551e+00
1.239690e+00
1.242828e+00
1.245966e+00
1.249105e+00
1.252243e+00
1.255382e+00
1.258520e+00
1.261659e+00
1.264797e+00
1.267936e+00
1.271074e+00
1.274213e+00
1.277351e+00
1.280489e+00
1.283628e+00
1.286766e+00
1.289905e+00
1.293043e+00
1.296182e+00
1.299320e+00
1.302459e+00
1.305597e+00
1.308736e+00
1.311874e+00
1.315012e+00
1.318151e+00
1.321289e+00
1.324428e+00
1.327566e+00
1.330705e+00
1.333843e+00
1.336982e+00
1.340120e+00
1.343259e+00
1.346397e+00
1.349535e+00
1.352674e+00
1.355812e+00
1.358951e+00
1.362089e+00
1.365228e+00
1.368366e+00
1.371505e+00
1.374643e+00
1.377782e+00
1.380920e+00
1.384058e+00
1.387197e+00
1.390335e+00
1.393474e+00
1.396612e+00
1.399751e+00
1.402889e+00
1.406028e+00
1.409166e+00
1.412305e+00
1.415443e+00
1.418581e+00
1.421720e+00
1.424858e+00
1.427997e+00
1.431135e+00
1.434274e+00
1.437412e+00
1.440551e+00
1.443689e+00
1.446828e+00
1.449966e+00
1.453104e+00
1.456243e+00
1.459381e+00
1.462520e+00
1.465658e+00
1.468797e+00
1.471935e+00
1.475074e+00
1.478212e+00
1.481351e+00
1.484489e+00
1.487627e+00
1.490766e+00
1.493904e+00
1.497043e+00
1.500181e+00
1.503320e+00
1.506458e+00
1.509597e+00
1.512735e+00
1.515874e+00
1.519012e+00
1.522150e+00
1.525289e+00
1.528427e+00
1.531566e+00
1.534704e+00
1.537843e+00
1.540981e+00
1.544120e+00
1.547258e+00
1.550397e+00
1.553535e+00
1.556673e+00
1.559812e+00
1.562950e+00
1.566089e+00
1.569227e+00
1.572366e+00
1.575504e+00
1.578643e+00
1.581781e+00
1.584920e+00
1.588058e+00
1.591196e+00
1.594335e+00
1.597473e+00
1.600612e+00
1.603750e+00
1.606889e+00
1.610027e+00
1.613166e+00
1.616304e+00
1.619443e+00
1.622581e+00
1.625719e+00
1.628858e+00
1.631996e+00
1.635135e+00
1.638273e+00
1.641412e+00
1.644550e+00
1.647689e+00
1.650827e+00
1.653966e+00
1.657104e+00
1.660242e+00
1.663381e+00
1.666519e+00
1.669658e+00
1.672796e+00
1.675935e+00
1.679073e+00
1.682212e+00
1.685350e+00
1.688489e+00
1.691627e+00
1.694765e+00
1.697904e+00
1.701042e+00
1.704181e+00
1.707319e+00
1.710458e+00
1.713596e+00
1.716735e+00
1.719873e+00
1.723012e+00
1.726150e+00
1.729288e+00
1.732427e+00
1.735565e+00
1.738704e+00
1.741842e+00
1.744981e+00
1.748119e+00
1.751258e+00
1.754396e+00
1.757535e+00
1.760673e+00
1.763811e+00
1.766950e+00
1.770088e+00
1.773227e+00
1.776365e+00
1.779504e+00
1.782642e+00
1.785781e+00
1.788919e+00
1.792058e+00
1.795196e+00
1.798334e+00
1.801473e+00
1.804611e+00
1.807750e+00
1.810888e+00
1.814027e+00
1.817165e+00
1.820304e+00
1.823442e+00
1.826580e+00
1.829719e+00
1.832857e+00
1.835996e+00
1.839134e+00
1.842273e+00
1.845411e+00
1.848550e+00
1.851688e+00
1.854827e+00
1.857965e+00
1.861103e+00
1.864242e+00
1.867380e+00
1.870519e+00
1.873657e+00
1.876796e+00
1.879934e+00
1.883073e+00
1.886211e+00
1.889350e+00
1.892488e+00
1.895626e+00
1.898765e+00
1.901903e+00
1.905042e+00
1.908180e+00
1.911319e+00
1.914457e+00
1.917596e+00
1.920734e+00
1.923873e+00
1.927011e+00
1.930149e+00
1.933288e+00
1.936426e+00
1.939565e+00
1.942703e+00
1.945842e+00
1.948980e+00
1.952119e+00
1.955257e+00
1.958396e+00
1.961534e+00
1.964672e+00
1.967811e+00
1.970949e+00
1.974088e+00
1.977226e+00
1.980365e+00
1.983503e+00
1.986642e+00
1.989780e+00
1.992919e+00
1.996057e+00
1.999195e+00
2.002334e+00
2.005472e+00
2.008611e+00
2.011749e+00
2.014888e+00
2.018026e+00
2.021165e+00
2.024303e+00
2.027442e+00
2.030580e+00
2.033718e+00
2.036857e+00
2.039995e+00
2.043134e+00
2.046272e+00
2.049411e+00
2.052549e+00
2.055688e+00
2.058826e+00
2.061965e+00
2.065103e+00
2.068241e+00
2.071380e+00
2.074518e+00
2.077657e+00
2.080795e+00
2.083934e+00
2.087072e+00
2.090211e+00
2.093349e+00
2.096488e+00
2.099626e+00
2.102764e+00
2.105903e+00
2.109041e+00
2.112180e+00
2.115318e+00
2.118457e+00
2.121595e+00
2.124734e+00
2.127872e+00
2.131011e+00
2.134149e+00
2.137287e+00
2.140426e+00
2.143564e+00
2.146703e+00
2.149841e+00
2.152980e+00
2.156118e+00
2.159257e+00
2.162395e+00
2.165534e+00
2.168672e+00
2.171810e+00
2.174949e+00
2.178087e+00
2.181226e+00
2.184364e+00
2.187503e+00
2.190641e+00
2.193780e+00
2.196918e+00
2.200057e+00
2.203195e+00
2.206333e+00
2.209472e+00
2.212610e+00
2.215749e+00
2.218887e+00
2.222026e+00
2.225164e+00
2.228303e+00
2.231441e+00
2.234580e+00
2.237718e+00
2.240856e+00
2.243995e+00
2.247133e+00
2.250272e+00
2.253410e+00
2.256549e+00
2.259687e+00
2.262826e+00
2.265964e+00
2.269103e+00
2.272241e+00
2.275379e+00
2.278518e+00
2.281656e+00
2.284795e+00
2.287933e+00
2.291072e+00
2.294210e+00
2.297349e+00
2.300487e+00
2.303626e+00
2.306764e+00
2.309902e+00
2.313041e+00
2.316179e+00
2.319318e+00
2.322456e+00
2.325595e+00
2.328733e+00
2.331872e+00
2.335010e+00
2.338149e+00
2.341287e+00
2.344425e+00
2.347564e+00
2.350702e+00
2.353841e+00
2.356979e+00
2.360118e+00
2.363256e+00
2.366395e+00
2.369533e+00
2.372672e+00
2.375810e+00
2.378948e+00
2.382087e+00
2.385225e+00
2.388364e+00
2.391502e+00
2.394641e+00
2.397779e+00
2.400918e+00
2.404056e+00
2.407195e+00
2.410333e+00
2.413471e+00
2.416610e+00
2.419748e+00
2.422887e+00
2.426025e+00
2.429164e+00
2.432302e+00
2.435441e+00
2.438579e+00
2.441718e+00
2.444856e+00
2.447994e+00
2.451133e+00
2.454271e+00
2.457410e+00
2.460548e+00
2.463687e+00
2.466825e+00
2.469964e+00
2.473102e+00
2.476241e+00
2.479379e+00
2.482517e+00
2.485656e+00
2.488794e+00
2.491933e+00
2.495071e+00
2.498210e+00
2.501348e+00
2.504487e+00
2.507625e+00
2.510764e+00
2.513902e+00
2.517040e+00
2.520179e+00
2.523317e+00
2.526456e+00
2.529594e+00
2.532733e+00
2.535871e+00
2.539010e+00
2.542148e+00
2.545287e+00
2.548425e+00
2.551563e+00
2.554702e+00
2.557840e+00
2.560979e+00
2.564117e+00
2.567256e+00
2.570394e+00
2.573533e+00
2.576671e+00
2.579810e+00
2.582948e+00
2.586086e+00
2.589225e+00
2.592363e+00
2.595502e+00
2.598640e+00
2.601779e+00
2.604917e+00
2.608056e+00
2.611194e+00
2.614333e+00
2.617471e+00
2.620609e+00
2.623748e+00
2.626886e+00
2.630025e+00
2.633163e+00
2.636302e+00
2.639440e+00
2.642579e+00
2.645717e+00
2.648856e+00
2.651994e+00
2.655132e+00
2.658271e+00
2.661409e+00
2.664548e+00
2.667686e+00
2.670825e+00
2.673963e+00
2.677102e+00
2.680240e+00
2.683379e+00
2.686517e+00
2.689655e+00
2.692794e+00
2.695932e+00
2.699071e+00
2.702209e+00
2.705348e+00
2.708486e+00
2.711625e+00
2.714763e+00
2.717902e+00
2.721040e+00
2.724178e+00
2.727317e+00
2.730455e+00
2.733594e+00
2.736732e+00
2.739871e+00
2.743009e+00
2.746148e+00
2.749286e+00
2.752425e+00
2.755563e+00
2.758701e+00
2.761840e+00
2.764978e+00
2.768117e+00
2.771255e+00
2.774394e+00
2.777532e+00
2.780671e+00
2.783809e+00
2.786948e+00
2.790086e+00
2.793224e+00
2.796363e+00
2.799501e+00
2.802640e+00
2.805778e+00
2.808917e+00
2.812055e+00
2.815194e+00
2.818332e+00
2.821471e+00
2.824609e+00
2.827747e+00
2.830886e+00
2.834024e+00
2.837163e+00
2.840301e+00
2.843440e+00
2.846578e+00
2.849717e+00
2.852855e+00
2.855994e+00
2.859132e+00
2.862270e+00
2.865409e+00
2.868547e+00
2.871686e+00
2.874824e+00
2.877963e+00
2.881101e+00
2.884240e+00
2.887378e+00
2.890517e+00
2.893655e+00
2.896793e+00
2.899932e+00
2.903070e+00
2.906209e+00
2.909347e+00
2.912486e+00
2.915624e+00
2.918763e+00
2.921901e+00
2.925040e+00
2.928178e+00
2.931316e+00
2.934455e+00
2.937593e+00
2.940732e+00
2.943870e+00
2.947009e+00
2.950147e+00
2.953286e+00
2.956424e+00
2.959563e+00
2.962701e+00
2.965839e+00
2.968978e+00
2.972116e+00
2.975255e+00
2.978393e+00
2.981532e+00
2.984670e+00
2.987809e+00
2.990947e+00
2.994086e+00
2.997224e+00
3.000362e+00
3.003501e+00
3.006639e+00
3.009778e+00
3.012916e+00
3.016055e+00
3.019193e+00
3.022332e+00
3.025470e+00
3.028609e+00
3.031747e+00
3.034885e+00
3.038024e+00
3.041162e+00
3.044301e+00
3.047439e+00
3.050578e+00
3.053716e+00
3.056855e+00
3.059993e+00
3.063132e+00
3.066270e+00
3.069408e+00
3.072547e+00
3.075685e+00
3.078824e+00
3.081962e+00
3.085101e+00
3.088239e+00
3.091378e+00
3.094516e+00
3.097655e+00
3.100793e+00
3.103931e+00
3.107070e+00
3.110208e+00
3.113347e+00
3.116485e+00
3.119624e+00
3.122762e+00
3.125901e+00
3.129039e+00
3.132178e+00
3.135316e+00
