0.000000	0.000000
0.001570	0.001570
0.003140	0.003140
0.004710	0.004710
0.006280	0.006280
0.007850	0.007850
0.009420	0.009420
0.010990	0.010990
0.012560	0.012560
0.014130	0.014130
0.015700	0.015699
0.017270	0.017269
0.018840	0.018839
0.020410	0.020409
0.021980	0.021978
0.023550	0.023548
0.025120	0.025118
0.026690	0.026687
0.028260	0.028256
0.029830	0.029826
0.031400	0.031395
0.032970	0.032964
0.034540	0.034533
0.036110	0.036102
0.037680	0.037671
0.039250	0.039240
0.040820	0.040809
0.042390	0.042378
0.043960	0.043946
0.045530	0.045515
0.047100	0.047083
0.048670	0.048651
0.050240	0.050219
0.051810	0.051787
0.053380	0.053355
0.054950	0.054923
0.056520	0.056490
0.058090	0.058058
0.059660	0.059625
0.061230	0.061192
0.062800	0.062759
0.064370	0.064326
0.065940	0.065893
0.067510	0.067459
0.069081	0.069026
0.070651	0.070592
0.072221	0.072158
0.073791	0.073724
0.075361	0.075289
0.076931	0.076855
0.078501	0.078420
0.080071	0.079985
0.081641	0.081550
0.083211	0.083115
0.084781	0.084679
0.086351	0.086243
0.087921	0.087807
0.089491	0.089371
0.091061	0.090935
0.092631	0.092498
0.094201	0.094061
0.095771	0.095624
0.097341	0.097187
0.098911	0.098750
0.100481	0.100312
0.102051	0.101874
0.103621	0.103435
0.105191	0.104997
0.106761	0.106558
0.108331	0.108119
0.109901	0.109680
0.111471	0.111240
0.113041	0.112800
0.114611	0.114360
0.116181	0.115920
0.117751	0.117479
0.119321	0.119038
0.120891	0.120597
0.122461	0.122155
0.124031	0.123713
0.125601	0.125271
0.127171	0.126828
0.128741	0.128386
0.130311	0.129942
0.131881	0.131499
0.133451	0.133055
0.135021	0.134611
0.136591	0.136167
0.138161	0.137722
0.139731	0.139277
0.141301	0.140831
0.142871	0.142385
0.144441	0.143939
0.146011	0.145493
0.147581	0.147046
0.149151	0.148599
0.150721	0.150151
0.152291	0.151703
0.153861	0.153255
0.155431	0.154806
0.157001	0.156357
0.158571	0.157907
0.160141	0.159458
0.161711	0.161007
0.163281	0.162557
0.164851	0.164106
0.166421	0.165654
0.167991	0.167202
0.169561	0.168750
0.171131	0.170297
0.172701	0.171844
0.174271	0.173390
0.175841	0.174937
0.177411	0.176482
0.178981	0.178027
0.180551	0.179572
0.182121	0.181116
0.183691	0.182660
0.185261	0.184203
0.186831	0.185746
0.188401	0.187289
0.189971	0.188831
0.191541	0.190372
0.193111	0.191913
0.194681	0.193454
0.196251	0.194994
0.197821	0.196534
0.199391	0.198073
0.200961	0.199612
0.202531	0.201150
0.204101	0.202687
0.205672	0.204225
0.207242	0.205761
0.208812	0.207297
0.210382	0.208833
0.211952	0.210368
0.213522	0.211903
0.215092	0.213437
0.216662	0.214970
0.218232	0.216503
0.219802	0.218036
0.221372	0.219568
0.222942	0.221099
0.224512	0.222630
0.226082	0.224161
0.227652	0.225690
0.229222	0.227220
0.230792	0.228748
0.232362	0.230276
0.233932	0.231804
0.235502	0.233331
0.237072	0.234857
0.238642	0.236383
0.240212	0.237908
0.241782	0.239433
0.243352	0.240957
0.244922	0.242480
0.246492	0.244003
0.248062	0.245526
0.249632	0.247047
0.251202	0.248568
0.252772	0.250089
0.254342	0.251608
0.255912	0.253128
0.257482	0.254646
0.259052	0.256164
0.260622	0.257682
0.262192	0.259198
0.263762	0.260714
0.265332	0.262230
0.266902	0.263744
0.268472	0.265258
0.270042	0.266772
0.271612	0.268285
0.273182	0.269797
0.274752	0.271308
0.276322	0.272819
0.277892	0.274329
0.279462	0.275839
0.281032	0.277347
0.282602	0.278855
0.284172	0.280363
0.285742	0.281870
0.287312	0.283376
0.288882	0.284881
0.290452	0.286385
0.292022	0.287889
0.293592	0.289393
0.295162	0.290895
0.296732	0.292397
0.298302	0.293898
0.299872	0.295398
0.301442	0.296898
0.303012	0.298397
0.304582	0.299895
0.306152	0.301392
0.307722	0.302889
0.309292	0.304385
0.310862	0.305880
0.312432	0.307374
0.314002	0.308868
0.315572	0.310361
0.317142	0.311853
0.318712	0.313344
0.320282	0.314835
0.321852	0.316324
0.323422	0.317813
0.324992	0.319302
0.326562	0.320789
0.328132	0.322276
0.329702	0.323761
0.331272	0.325247
0.332842	0.326731
0.334412	0.328214
0.335982	0.329697
0.337552	0.331179
0.339122	0.332660
0.340692	0.334140
0.342262	0.335619
0.343833	0.337098
0.345403	0.338575
0.346973	0.340052
0.348543	0.341528
0.350113	0.343004
0.351683	0.344478
0.353253	0.345951
0.354823	0.347424
0.356393	0.348896
0.357963	0.350367
0.359533	0.351837
0.361103	0.353306
0.362673	0.354774
0.364243	0.356242
0.365813	0.357708
0.367383	0.359174
0.368953	0.360639
0.370523	0.362103
0.372093	0.363566
0.373663	0.365028
0.375233	0.366489
0.376803	0.367949
0.378373	0.369409
0.379943	0.370867
0.381513	0.372325
0.383083	0.373782
0.384653	0.375237
0.386223	0.376692
0.387793	0.378146
0.389363	0.379599
0.390933	0.381051
0.392503	0.382502
0.394073	0.383952
0.395643	0.385401
0.397213	0.386850
0.398783	0.388297
0.400353	0.389743
0.401923	0.391189
0.403493	0.392633
0.405063	0.394077
0.406633	0.395519
0.408203	0.396961
0.409773	0.398401
0.411343	0.399841
0.412913	0.401279
0.414483	0.402717
0.416053	0.404153
0.417623	0.405589
0.419193	0.407024
0.420763	0.408457
0.422333	0.409890
0.423903	0.411321
0.425473	0.412752
0.427043	0.414181
0.428613	0.415610
0.430183	0.417037
0.431753	0.418464
0.433323	0.419889
0.434893	0.421314
0.436463	0.422737
0.438033	0.424159
0.439603	0.425580
0.441173	0.427001
0.442743	0.428420
0.444313	0.429838
0.445883	0.431255
0.447453	0.432671
0.449023	0.434086
0.450593	0.435500
0.452163	0.436912
0.453733	0.438324
0.455303	0.439735
0.456873	0.441144
0.458443	0.442553
0.460013	0.443960
0.461583	0.445366
0.463153	0.446771
0.464723	0.448176
0.466293	0.449578
0.467863	0.450980
0.469433	0.452381
0.471003	0.453781
0.472573	0.455179
0.474143	0.456577
0.475713	0.457973
0.477283	0.459368
0.478853	0.460762
0.480424	0.462155
0.481994	0.463546
0.483564	0.464937
0.485134	0.466326
0.486704	0.467715
0.488274	0.469102
0.489844	0.470488
0.491414	0.471873
0.492984	0.473256
0.494554	0.474639
0.496124	0.476020
0.497694	0.477400
0.499264	0.478779
0.500834	0.480157
0.502404	0.481534
0.503974	0.482909
0.505544	0.484283
0.507114	0.485656
0.508684	0.487028
0.510254	0.488399
0.511824	0.489768
0.513394	0.491136
0.514964	0.492503
0.516534	0.493869
0.518104	0.495234
0.519674	0.496597
0.521244	0.497959
0.522814	0.499320
0.524384	0.500680
0.525954	0.502038
0.527524	0.503395
0.529094	0.504751
0.530664	0.506106
0.532234	0.507459
0.533804	0.508812
0.535374	0.510163
0.536944	0.511512
0.538514	0.512861
0.540084	0.514208
0.541654	0.515554
0.543224	0.516899
0.544794	0.518242
0.546364	0.519584
0.547934	0.520925
0.549504	0.522264
0.551074	0.523603
0.552644	0.524940
0.554214	0.526275
0.555784	0.527610
0.557354	0.528943
0.558924	0.530274
0.560494	0.531605
0.562064	0.532934
0.563634	0.534262
0.565204	0.535588
0.566774	0.536913
0.568344	0.538237
0.569914	0.539560
0.571484	0.540881
0.573054	0.542201
0.574624	0.543519
0.576194	0.544837
0.577764	0.546152
0.579334	0.547467
0.580904	0.548780
0.582474	0.550092
0.584044	0.551402
0.585614	0.552711
0.587184	0.554019
0.588754	0.555325
0.590324	0.556630
0.591894	0.557934
0.593464	0.559236
0.595034	0.560537
0.596604	0.561837
0.598174	0.563135
0.599744	0.564431
0.601314	0.565727
0.602884	0.567021
0.604454	0.568313
0.606024	0.569604
0.607594	0.570894
0.609164	0.572182
0.610734	0.573469
0.612304	0.574755
0.613874	0.576039
0.615444	0.577322
0.617015	0.578603
0.618585	0.579883
0.620155	0.581161
0.621725	0.582438
0.623295	0.583713
0.624865	0.584987
0.626435	0.586260
0.628005	0.587531
0.629575	0.588801
0.631145	0.590069
0.632715	0.591336
0.634285	0.592601
0.635855	0.593865
0.637425	0.595128
0.638995	0.596389
0.640565	0.597648
0.642135	0.598906
0.643705	0.600163
0.645275	0.601418
0.646845	0.602672
0.648415	0.603924
0.649985	0.605174
0.651555	0.606423
0.653125	0.607671
0.654695	0.608917
0.656265	0.610162
0.657835	0.611405
0.659405	0.612647
0.660975	0.613887
0.662545	0.615125
0.664115	0.616362
0.665685	0.617598
0.667255	0.618832
0.668825	0.620064
0.670395	0.621295
0.671965	0.622525
0.673535	0.623753
0.675105	0.624979
0.676675	0.626204
0.678245	0.627427
0.679815	0.628649
0.681385	0.629869
0.682955	0.631088
0.684525	0.632305
0.686095	0.633521
0.687665	0.634735
0.689235	0.635947
0.690805	0.637158
0.692375	0.638367
0.693945	0.639575
0.695515	0.640781
0.697085	0.641986
0.698655	0.643188
0.700225	0.644390
0.701795	0.645590
0.703365	0.646788
0.704935	0.647984
0.706505	0.649179
0.708075	0.650373
0.709645	0.651565
0.711215	0.652755
0.712785	0.653943
0.714355	0.655130
0.715925	0.656316
0.717495	0.657500
0.719065	0.658682
0.720635	0.659862
0.722205	0.661041
0.723775	0.662218
0.725345	0.663394
0.726915	0.664568
0.728485	0.665740
0.730055	0.666911
0.731625	0.668080
0.733195	0.669247
0.734765	0.670413
0.736335	0.671577
0.737905	0.672740
0.739475	0.673900
0.741045	0.675060
0.742615	0.676217
0.744185	0.677373
0.745755	0.678527
0.747325	0.679679
0.748895	0.680830
0.750465	0.681979
0.752035	0.683127
0.753605	0.684272
0.755176	0.685416
0.756746	0.686559
0.758316	0.687700
0.759886	0.688838
0.761456	0.689976
0.763026	0.691111
0.764596	0.692245
0.766166	0.693377
0.767736	0.694508
0.769306	0.695637
0.770876	0.696764
0.772446	0.697889
0.774016	0.699012
0.775586	0.700134
0.777156	0.701255
0.778726	0.702373
0.780296	0.703490
0.781866	0.704605
0.783436	0.705718
0.785006	0.706829
0.786576	0.707939
0.788146	0.709047
0.789716	0.710153
0.791286	0.711258
0.792856	0.712360
0.794426	0.713461
0.795996	0.714561
0.797566	0.715658
0.799136	0.716754
0.800706	0.717848
0.802276	0.718940
0.803846	0.720030
0.805416	0.721119
0.806986	0.722206
0.808556	0.723291
0.810126	0.724374
0.811696	0.725455
0.813266	0.726535
0.814836	0.727613
0.816406	0.728689
0.817976	0.729763
0.819546	0.730836
0.821116	0.731907
0.822686	0.732976
0.824256	0.734043
0.825826	0.735108
0.827396	0.736172
0.828966	0.737233
0.830536	0.738293
0.832106	0.739351
0.833676	0.740407
0.835246	0.741462
0.836816	0.742514
0.838386	0.743565
0.839956	0.744614
0.841526	0.745661
0.843096	0.746706
0.844666	0.747749
0.846236	0.748791
0.847806	0.749831
0.849376	0.750869
0.850946	0.751905
0.852516	0.752939
0.854086	0.753971
0.855656	0.755001
0.857226	0.756030
0.858796	0.757057
0.860366	0.758081
0.861936	0.759104
0.863506	0.760126
0.865076	0.761145
0.866646	0.762162
0.868216	0.763178
0.869786	0.764191
0.871356	0.765203
0.872926	0.766213
0.874496	0.767221
0.876066	0.768227
0.877636	0.769231
0.879206	0.770233
0.880776	0.771233
0.882346	0.772232
0.883916	0.773228
0.885486	0.774223
0.887056	0.775216
0.888626	0.776207
0.890196	0.777195
0.891767	0.778182
0.893337	0.779167
0.894907	0.780151
0.896477	0.781132
0.898047	0.782111
0.899617	0.783089
0.901187	0.784064
0.902757	0.785037
0.904327	0.786009
0.905897	0.786979
0.907467	0.787946
0.909037	0.788912
0.910607	0.789876
0.912177	0.790838
0.913747	0.791798
0.915317	0.792756
0.916887	0.793712
0.918457	0.794666
0.920027	0.795618
0.921597	0.796568
0.923167	0.797516
0.924737	0.798462
0.926307	0.799407
0.927877	0.800349
0.929447	0.801289
0.931017	0.802227
0.932587	0.803164
0.934157	0.804098
0.935727	0.805030
0.937297	0.805961
0.938867	0.806889
0.940437	0.807816
0.942007	0.808740
0.943577	0.809663
0.945147	0.810583
0.946717	0.811501
0.948287	0.812418
0.949857	0.813332
0.951427	0.814245
0.952997	0.815155
0.954567	0.816064
0.956137	0.816970
0.957707	0.817874
0.959277	0.818777
0.960847	0.819677
0.962417	0.820575
0.963987	0.821472
0.965557	0.822366
0.967127	0.823258
0.968697	0.824148
0.970267	0.825037
0.971837	0.825923
0.973407	0.826807
0.974977	0.827689
0.976547	0.828569
0.978117	0.829447
0.979687	0.830323
0.981257	0.831197
0.982827	0.832069
0.984397	0.832939
0.985967	0.833806
0.987537	0.834672
0.989107	0.835536
0.990677	0.836397
0.992247	0.837257
0.993817	0.838114
0.995387	0.838970
0.996957	0.839823
0.998527	0.840674
1.000097	0.841524
1.001667	0.842371
1.003237	0.843216
1.004807	0.844059
1.006377	0.844900
1.007947	0.845738
1.009517	0.846575
1.011087	0.847410
1.012657	0.848242
1.014227	0.849073
1.015797	0.849901
1.017367	0.850727
1.018937	0.851551
1.020507	0.852373
1.022077	0.853193
1.023647	0.854011
1.025217	0.854827
1.026787	0.855641
1.028358	0.856452
1.029928	0.857262
1.031498	0.858069
1.033068	0.858874
1.034638	0.859677
1.036208	0.860478
1.037778	0.861277
1.039348	0.862074
1.040918	0.862868
1.042488	0.863661
1.044058	0.864451
1.045628	0.865239
1.047198	0.866025
1.048768	0.866809
1.050338	0.867591
1.051908	0.868371
1.053478	0.869148
1.055048	0.869924
1.056618	0.870697
1.058188	0.871468
1.059758	0.872237
1.061328	0.873004
1.062898	0.873768
1.064468	0.874531
1.066038	0.875291
1.067608	0.876049
1.069178	0.876805
1.070748	0.877559
1.072318	0.878311
1.073888	0.879061
1.075458	0.879808
1.077028	0.880553
1.078598	0.881296
1.080168	0.882037
1.081738	0.882776
1.083308	0.883512
1.084878	0.884246
1.086448	0.884979
1.088018	0.885708
1.089588	0.886436
1.091158	0.887162
1.092728	0.887885
1.094298	0.888606
1.095868	0.889325
1.097438	0.890042
1.099008	0.890757
1.100578	0.891469
1.102148	0.892180
1.103718	0.892888
1.105288	0.893594
1.106858	0.894297
1.108428	0.894999
1.109998	0.895698
1.111568	0.896395
1.113138	0.897090
1.114708	0.897782
1.116278	0.898473
1.117848	0.899161
1.119418	0.899847
1.120988	0.900531
1.122558	0.901212
1.124128	0.901891
1.125698	0.902568
1.127268	0.903243
1.128838	0.903916
1.130408	0.904586
1.131978	0.905254
1.133548	0.905920
1.135118	0.906584
1.136688	0.907246
1.138258	0.907905
1.139828	0.908562
1.141398	0.909217
1.142968	0.909869
1.144538	0.910519
1.146108	0.911167
1.147678	0.911813
1.149248	0.912457
1.150818	0.913098
1.152388	0.913737
1.153958	0.914374
1.155528	0.915008
1.157098	0.915641
1.158668	0.916271
1.160238	0.916898
1.161808	0.917524
1.163378	0.918147
1.164948	0.918768
1.166519	0.919387
1.168089	0.920003
1.169659	0.920617
1.171229	0.921229
1.172799	0.921839
1.174369	0.922446
1.175939	0.923051
1.177509	0.923654
1.179079	0.924255
1.180649	0.924853
1.182219	0.925449
1.183789	0.926043
1.185359	0.926634
1.186929	0.927223
1.188499	0.927810
1.190069	0.928394
1.191639	0.928977
1.193209	0.929557
1.194779	0.930134
1.196349	0.930710
1.197919	0.931283
1.199489	0.931854
1.201059	0.932422
1.202629	0.932988
1.204199	0.933552
1.205769	0.934114
1.207339	0.934673
1.208909	0.935230
1.210479	0.935785
1.212049	0.936337
1.213619	0.936887
1.215189	0.937435
1.216759	0.937981
1.218329	0.938524
1.219899	0.939065
1.221469	0.939603
1.223039	0.940139
1.224609	0.940673
1.226179	0.941205
1.227749	0.941734
1.229319	0.942261
1.230889	0.942786
1.232459	0.943308
1.234029	0.943828
1.235599	0.944345
1.237169	0.944861
1.238739	0.945374
1.240309	0.945884
1.241879	0.946393
1.243449	0.946899
1.245019	0.947402
1.246589	0.947904
1.248159	0.948403
1.249729	0.948899
1.251299	0.949393
1.252869	0.949885
1.254439	0.950375
1.256009	0.950862
1.257579	0.951347
1.259149	0.951830
1.260719	0.952310
1.262289	0.952788
1.263859	0.953263
1.265429	0.953737
1.266999	0.954207
1.268569	0.954676
1.270139	0.955142
1.271709	0.955606
1.273279	0.956067
1.274849	0.956526
1.276419	0.956983
1.277989	0.957437
1.279559	0.957889
1.281129	0.958339
1.282699	0.958786
1.284269	0.959231
1.285839	0.959674
1.287409	0.960114
1.288979	0.960552
1.290549	0.960987
1.292119	0.961420
1.293689	0.961851
1.295259	0.962279
1.296829	0.962705
1.298399	0.963129
1.299969	0.963550
1.301539	0.963969
1.303110	0.964385
1.304680	0.964799
1.306250	0.965211
1.307820	0.965620
1.309390	0.966027
1.310960	0.966432
1.312530	0.966834
1.314100	0.967234
1.315670	0.967631
1.317240	0.968026
1.318810	0.968419
1.320380	0.968809
1.321950	0.969197
1.323520	0.969583
1.325090	0.969966
1.326660	0.970346
1.328230	0.970725
1.329800	0.971101
1.331370	0.971474
1.332940	0.971845
1.334510	0.972214
1.336080	0.972580
1.337650	0.972944
1.339220	0.973306
1.340790	0.973665
1.342360	0.974022
1.343930	0.974376
1.345500	0.974728
1.347070	0.975077
1.348640	0.975425
1.350210	0.975769
1.351780	0.976112
1.353350	0.976452
1.354920	0.976789
1.356490	0.977124
1.358060	0.977457
1.359630	0.977787
1.361200	0.978115
1.362770	0.978440
1.364340	0.978763
1.365910	0.979084
1.367480	0.979402
1.369050	0.979718
1.370620	0.980032
1.372190	0.980343
1.373760	0.980651
1.375330	0.980957
1.376900	0.981261
1.378470	0.981562
1.380040	0.981861
1.381610	0.982158
1.383180	0.982452
1.384750	0.982743
1.386320	0.983032
1.387890	0.983319
1.389460	0.983604
1.391030	0.983886
1.392600	0.984165
1.394170	0.984442
1.395740	0.984717
1.397310	0.984989
1.398880	0.985259
1.400450	0.985526
1.402020	0.985791
1.403590	0.986054
1.405160	0.986314
1.406730	0.986571
1.408300	0.986827
1.409870	0.987079
1.411440	0.987330
1.413010	0.987578
1.414580	0.987823
1.416150	0.988066
1.417720	0.988307
1.419290	0.988545
1.420860	0.988781
1.422430	0.989014
1.424000	0.989245
1.425570	0.989473
1.427140	0.989699
1.428710	0.989923
1.430280	0.990144
1.431850	0.990363
1.433420	0.990579
1.434990	0.990793
1.436560	0.991004
1.438130	0.991213
1.439701	0.991419
1.441271	0.991623
1.442841	0.991825
1.444411	0.992024
1.445981	0.992221
1.447551	0.992415
1.449121	0.992607
1.450691	0.992796
1.452261	0.992983
1.453831	0.993167
1.455401	0.993349
1.456971	0.993529
1.458541	0.993706
1.460111	0.993881
1.461681	0.994053
1.463251	0.994223
1.464821	0.994390
1.466391	0.994555
1.467961	0.994717
1.469531	0.994877
1.471101	0.995035
1.472671	0.995190
1.474241	0.995342
1.475811	0.995492
1.477381	0.995640
1.478951	0.995785
1.480521	0.995928
1.482091	0.996068
1.483661	0.996206
1.485231	0.996342
1.486801	0.996474
1.488371	0.996605
1.489941	0.996733
1.491511	0.996859
1.493081	0.996982
1.494651	0.997102
1.496221	0.997221
1.497791	0.997336
1.499361	0.997450
1.500931	0.997560
1.502501	0.997669
1.504071	0.997775
1.505641	0.997878
1.507211	0.997979
1.508781	0.998078
1.510351	0.998174
1.511921	0.998267
1.513491	0.998359
1.515061	0.998447
1.516631	0.998533
1.518201	0.998617
1.519771	0.998698
1.521341	0.998777
1.522911	0.998854
1.524481	0.998928
1.526051	0.998999
1.527621	0.999068
1.529191	0.999135
1.530761	0.999199
1.532331	0.999260
1.533901	0.999319
1.535471	0.999376
1.537041	0.999430
1.538611	0.999482
1.540181	0.999531
1.541751	0.999578
1.543321	0.999623
1.544891	0.999664
1.546461	0.999704
1.548031	0.999741
1.549601	0.999775
1.551171	0.999807
1.552741	0.999837
1.554311	0.999864
1.555881	0.999889
1.557451	0.999911
1.559021	0.999931
1.560591	0.999948
1.562161	0.999963
1.563731	0.999975
1.565301	0.999985
1.566871	0.999992
1.568441	0.999997
1.570011	1.000000
1.571581	1.000000
1.573151	0.999997
1.574721	0.999992
1.576292	0.999985
1.577862	0.999975
1.579432	0.999963
1.581002	0.999948
1.582572	0.999931
1.584142	0.999911
1.585712	0.999889
1.587282	0.999864
1.588852	0.999837
1.590422	0.999807
1.591992	0.999775
1.593562	0.999741
1.595132	0.999704
1.596702	0.999664
1.598272	0.999623
1.599842	0.999578
1.601412	0.999531
1.602982	0.999482
1.604552	0.999430
1.606122	0.999376
1.607692	0.999319
1.609262	0.999260
1.610832	0.999199
1.612402	0.999135
1.613972	0.999068
1.615542	0.998999
1.617112	0.998928
1.618682	0.998854
1.620252	0.998777
1.621822	0.998698
1.623392	0.998617
1.624962	0.998533
1.626532	0.998447
1.628102	0.998358
1.629672	0.998267
1.631242	0.998174
1.632812	0.998078
1.634382	0.997979
1.635952	0.997878
1.637522	0.997775
1.639092	0.997669
1.640662	0.997560
1.642232	0.997450
1.643802	0.997336
1.645372	0.997221
1.646942	0.997102
1.648512	0.996982
1.650082	0.996859
1.651652	0.996733
1.653222	0.996605
1.654792	0.996474
1.656362	0.996341
1.657932	0.996206
1.659502	0.996068
1.661072	0.995928
1.662642	0.995785
1.664212	0.995640
1.665782	0.995492
1.667352	0.995342
1.668922	0.995190
1.670492	0.995034
1.672062	0.994877
1.673632	0.994717
1.675202	0.994555
1.676772	0.994390
1.678342	0.994223
1.679912	0.994053
1.681482	0.993881
1.683052	0.993706
1.684622	0.993529
1.686192	0.993349
1.687762	0.993167
1.689332	0.992983
1.690902	0.992796
1.692472	0.992607
1.694042	0.992415
1.695612	0.992221
1.697182	0.992024
1.698752	0.991825
1.700322	0.991623
1.701892	0.991419
1.703462	0.991213
1.705032	0.991004
1.706602	0.990793
1.708172	0.990579
1.709742	0.990363
1.711312	0.990144
1.712882	0.989923
1.714453	0.989699
1.716023	0.989473
1.717593	0.989245
1.719163	0.989014
1.720733	0.988781
1.722303	0.988545
1.723873	0.988307
1.725443	0.988066
1.727013	0.987823
1.728583	0.987578
1.730153	0.987330
1.731723	0.987079
1.733293	0.986826
1.734863	0.986571
1.736433	0.986314
1.738003	0.986054
1.739573	0.985791
1.741143	0.985526
1.742713	0.985259
1.744283	0.984989
1.745853	0.984717
1.747423	0.984442
1.748993	0.984165
1.750563	0.983885
1.752133	0.983604
1.753703	0.983319
1.755273	0.983032
1.756843	0.982743
1.758413	0.982452
1.759983	0.982158
1.761553	0.981861
1.763123	0.981562
1.764693	0.981261
1.766263	0.980957
1.767833	0.980651
1.769403	0.980342
1.770973	0.980031
1.772543	0.979718
1.774113	0.979402
1.775683	0.979084
1.777253	0.978763
1.778823	0.978440
1.780393	0.978115
1.781963	0.977787
1.783533	0.977457
1.785103	0.977124
1.786673	0.976789
1.788243	0.976451
1.789813	0.976112
1.791383	0.975769
1.792953	0.975425
1.794523	0.975077
1.796093	0.974728
1.797663	0.974376
1.799233	0.974022
1.800803	0.973665
1.802373	0.973306
1.803943	0.972944
1.805513	0.972580
1.807083	0.972214
1.808653	0.971845
1.810223	0.971474
1.811793	0.971101
1.813363	0.970725
1.814933	0.970346
1.816503	0.969966
1.818073	0.969583
1.819643	0.969197
1.821213	0.968809
1.822783	0.968419
1.824353	0.968026
1.825923	0.967631
1.827493	0.967234
1.829063	0.966834
1.830633	0.966432
1.832203	0.966027
1.833773	0.965620
1.835343	0.965211
1.836913	0.964799
1.838483	0.964385
1.840053	0.963969
1.841623	0.963550
1.843193	0.963129
1.844763	0.962705
1.846333	0.962279
1.847903	0.961851
1.849473	0.961420
1.851044	0.960987
1.852614	0.960552
1.854184	0.960114
1.855754	0.959674
1.857324	0.959231
1.858894	0.958786
1.860464	0.958339
1.862034	0.957889
1.863604	0.957437
1.865174	0.956983
1.866744	0.956526
1.868314	0.956067
1.869884	0.955606
1.871454	0.955142
1.873024	0.954676
1.874594	0.954207
1.876164	0.953737
1.877734	0.953263
1.879304	0.952788
1.880874	0.952310
1.882444	0.951830
1.884014	0.951347
1.885584	0.950862
1.887154	0.950375
1.888724	0.949885
1.890294	0.949393
1.891864	0.948899
1.893434	0.948402
1.895004	0.947903
1.896574	0.947402
1.898144	0.946899
1.899714	0.946393
1.901284	0.945884
1.902854	0.945374
1.904424	0.944861
1.905994	0.944345
1.907564	0.943828
1.909134	0.943308
1.910704	0.942785
1.912274	0.942261
1.913844	0.941734
1.915414	0.941205
1.916984	0.940673
1.918554	0.940139
1.920124	0.939603
1.921694	0.939065
1.923264	0.938524
1.924834	0.937981
1.926404	0.937435
1.927974	0.936887
1.929544	0.936337
1.931114	0.935785
1.932684	0.935230
1.934254	0.934673
1.935824	0.934114
1.937394	0.933552
1.938964	0.932988
1.940534	0.932422
1.942104	0.931854
1.943674	0.931283
1.945244	0.930710
1.946814	0.930134
1.948384	0.929557
1.949954	0.928977
1.951524	0.928394
1.953094	0.927810
1.954664	0.927223
1.956234	0.926634
1.957804	0.926042
1.959374	0.925449
1.960944	0.924853
1.962514	0.924255
1.964084	0.923654
1.965654	0.923051
1.967224	0.922446
1.968794	0.921839
1.970364	0.921229
1.971934	0.920617
1.973504	0.920003
1.975074	0.919387
1.976644	0.918768
1.978214	0.918147
1.979784	0.917524
1.981354	0.916898
1.982924	0.916270
1.984494	0.915640
1.986064	0.915008
1.987635	0.914374
1.989205	0.913737
1.990775	0.913098
1.992345	0.912457
1.993915	0.911813
1.995485	0.911167
1.997055	0.910519
1.998625	0.909869
2.000195	0.909216
2.001765	0.908562
2.003335	0.907905
2.004905	0.907245
2.006475	0.906584
2.008045	0.905920
2.009615	0.905254
2.011185	0.904586
2.012755	0.903916
2.014325	0.903243
2.015895	0.902568
2.017465	0.901891
2.019035	0.901212
2.020605	0.900530
2.022175	0.899847
2.023745	0.899161
2.025315	0.898473
2.026885	0.897782
2.028455	0.897090
2.030025	0.896395
2.031595	0.895698
2.033165	0.894998
2.034735	0.894297
2.036305	0.893593
2.037875	0.892888
2.039445	0.892180
2.041015	0.891469
2.042585	0.890757
2.044155	0.890042
2.045725	0.889325
2.047295	0.888606
2.048865	0.887885
2.050435	0.887162
2.052005	0.886436
2.053575	0.885708
2.055145	0.884978
2.056715	0.884246
2.058285	0.883512
2.059855	0.882775
2.061425	0.882037
2.062995	0.881296
2.064565	0.880553
2.066135	0.879808
2.067705	0.879060
2.069275	0.878311
2.070845	0.877559
2.072415	0.876805
2.073985	0.876049
2.075555	0.875291
2.077125	0.874531
2.078695	0.873768
2.080265	0.873004
2.081835	0.872237
2.083405	0.871468
2.084975	0.870697
2.086545	0.869924
2.088115	0.869148
2.089685	0.868371
2.091255	0.867591
2.092825	0.866809
2.094395	0.866025
2.095965	0.865239
2.097535	0.864451
2.099105	0.863661
2.100675	0.862868
2.102245	0.862074
2.103815	0.861277
2.105385	0.860478
2.106955	0.859677
2.108525	0.858874
2.110095	0.858069
2.111665	0.857262
2.113235	0.856452
2.114805	0.855641
2.116375	0.854827
2.117945	0.854011
2.119515	0.853193
2.121085	0.852373
2.122655	0.851551
2.124225	0.850727
2.125796	0.849901
2.127366	0.849073
2.128936	0.848242
2.130506	0.847410
2.132076	0.846575
2.133646	0.845738
2.135216	0.844899
2.136786	0.844059
2.138356	0.843216
2.139926	0.842371
2.141496	0.841523
2.143066	0.840674
2.144636	0.839823
2.146206	0.838970
2.147776	0.838114
2.149346	0.837257
2.150916	0.836397
2.152486	0.835536
2.154056	0.834672
2.155626	0.833806
2.157196	0.832939
2.158766	0.832069
2.160336	0.831197
2.161906	0.830323
2.163476	0.829447
2.165046	0.828569
2.166616	0.827689
2.168186	0.826807
2.169756	0.825923
2.171326	0.825037
2.172896	0.824148
2.174466	0.823258
2.176036	0.822366
2.177606	0.821472
2.179176	0.820575
2.180746	0.819677
2.182316	0.818777
2.183886	0.817874
2.185456	0.816970
2.187026	0.816063
2.188596	0.815155
2.190166	0.814245
2.191736	0.813332
2.193306	0.812418
2.194876	0.811501
2.196446	0.810583
2.198016	0.809662
2.199586	0.808740
2.201156	0.807816
2.202726	0.806889
2.204296	0.805961
2.205866	0.805030
2.207436	0.804098
2.209006	0.803164
2.210576	0.802227
2.212146	0.801289
2.213716	0.800349
2.215286	0.799406
2.216856	0.798462
2.218426	0.797516
2.219996	0.796568
2.221566	0.795618
2.223136	0.794666
2.224706	0.793711
2.226276	0.792755
2.227846	0.791798
2.229416	0.790838
2.230986	0.789876
2.232556	0.788912
2.234126	0.787946
2.235696	0.786978
2.237266	0.786009
2.238836	0.785037
2.240406	0.784064
2.241976	0.783088
2.243546	0.782111
2.245116	0.781132
2.246686	0.780150
2.248256	0.779167
2.249826	0.778182
2.251396	0.777195
2.252966	0.776206
2.254536	0.775216
2.256106	0.774223
2.257676	0.773228
2.259246	0.772232
2.260816	0.771233
2.262387	0.770233
2.263957	0.769231
2.265527	0.768226
2.267097	0.767220
2.268667	0.766212
2.270237	0.765203
2.271807	0.764191
2.273377	0.763177
2.274947	0.762162
2.276517	0.761145
2.278087	0.760125
2.279657	0.759104
2.281227	0.758081
2.282797	0.757056
2.284367	0.756030
2.285937	0.755001
2.287507	0.753971
2.289077	0.752939
2.290647	0.751904
2.292217	0.750868
2.293787	0.749831
2.295357	0.748791
2.296927	0.747749
2.298497	0.746706
2.300067	0.745661
2.301637	0.744614
2.303207	0.743565
2.304777	0.742514
2.306347	0.741461
2.307917	0.740407
2.309487	0.739351
2.311057	0.738293
2.312627	0.737233
2.314197	0.736171
2.315767	0.735108
2.317337	0.734043
2.318907	0.732975
2.320477	0.731907
2.322047	0.730836
2.323617	0.729763
2.325187	0.728689
2.326757	0.727613
2.328327	0.726535
2.329897	0.725455
2.331467	0.724374
2.333037	0.723291
2.334607	0.722205
2.336177	0.721119
2.337747	0.720030
2.339317	0.718940
2.340887	0.717847
2.342457	0.716754
2.344027	0.715658
2.345597	0.714560
2.347167	0.713461
2.348737	0.712360
2.350307	0.711257
2.351877	0.710153
2.353447	0.709047
2.355017	0.707939
2.356587	0.706829
2.358157	0.705718
2.359727	0.704604
2.361297	0.703489
2.362867	0.702373
2.364437	0.701254
2.366007	0.700134
2.367577	0.699012
2.369147	0.697889
2.370717	0.696763
2.372287	0.695636
2.373857	0.694508
2.375427	0.693377
2.376997	0.692245
2.378567	0.691111
2.380137	0.689976
2.381707	0.688838
2.383277	0.687699
2.384847	0.686559
2.386417	0.685416
2.387987	0.684272
2.389557	0.683126
2.391127	0.681979
2.392697	0.680830
2.394267	0.679679
2.395837	0.678527
2.397407	0.677373
2.398978	0.676217
2.400548	0.675059
2.402118	0.673900
2.403688	0.672739
2.405258	0.671577
2.406828	0.670413
2.408398	0.669247
2.409968	0.668080
2.411538	0.666911
2.413108	0.665740
2.414678	0.664568
2.416248	0.663394
2.417818	0.662218
2.419388	0.661041
2.420958	0.659862
2.422528	0.658681
2.424098	0.657499
2.425668	0.656316
2.427238	0.655130
2.428808	0.653943
2.430378	0.652755
2.431948	0.651564
2.433518	0.650373
2.435088	0.649179
2.436658	0.647984
2.438228	0.646788
2.439798	0.645589
2.441368	0.644390
2.442938	0.643188
2.444508	0.641985
2.446078	0.640781
2.447648	0.639575
2.449218	0.638367
2.450788	0.637158
2.452358	0.635947
2.453928	0.634734
2.455498	0.633520
2.457068	0.632305
2.458638	0.631088
2.460208	0.629869
2.461778	0.628649
2.463348	0.627427
2.464918	0.626204
2.466488	0.624979
2.468058	0.623753
2.469628	0.622525
2.471198	0.621295
2.472768	0.620064
2.474338	0.618832
2.475908	0.617598
2.477478	0.616362
2.479048	0.615125
2.480618	0.613886
2.482188	0.612646
2.483758	0.611405
2.485328	0.610162
2.486898	0.608917
2.488468	0.607671
2.490038	0.606423
2.491608	0.605174
2.493178	0.603923
2.494748	0.602671
2.496318	0.601418
2.497888	0.600163
2.499458	0.598906
2.501028	0.597648
2.502598	0.596389
2.504168	0.595128
2.505738	0.593865
2.507308	0.592601
2.508878	0.591336
2.510448	0.590069
2.512018	0.588801
2.513588	0.587531
2.515158	0.586260
2.516728	0.584987
2.518298	0.583713
2.519868	0.582438
2.521438	0.581161
2.523008	0.579882
2.524578	0.578603
2.526148	0.577321
2.527718	0.576039
2.529288	0.574755
2.530858	0.573469
2.532428	0.572182
2.533998	0.570894
2.535568	0.569604
2.537139	0.568313
2.538709	0.567020
2.540279	0.565727
2.541849	0.564431
2.543419	0.563135
2.544989	0.561836
2.546559	0.560537
2.548129	0.559236
2.549699	0.557934
2.551269	0.556630
2.552839	0.555325
2.554409	0.554019
2.555979	0.552711
2.557549	0.551402
2.559119	0.550092
2.560689	0.548780
2.562259	0.547467
2.563829	0.546152
2.565399	0.544836
2.566969	0.543519
2.568539	0.542201
2.570109	0.540881
2.571679	0.539560
2.573249	0.538237
2.574819	0.536913
2.576389	0.535588
2.577959	0.534261
2.579529	0.532934
2.581099	0.531605
2.582669	0.530274
2.584239	0.528942
2.585809	0.527609
2.587379	0.526275
2.588949	0.524939
2.590519	0.523602
2.592089	0.522264
2.593659	0.520925
2.595229	0.519584
2.596799	0.518242
2.598369	0.516898
2.599939	0.515554
2.601509	0.514208
2.603079	0.512861
2.604649	0.511512
2.606219	0.510162
2.607789	0.508811
2.609359	0.507459
2.610929	0.506106
2.612499	0.504751
2.614069	0.503395
2.615639	0.502038
2.617209	0.500679
2.618779	0.499320
2.620349	0.497959
2.621919	0.496597
2.623489	0.495233
2.625059	0.493869
2.626629	0.492503
2.628199	0.491136
2.629769	0.489768
2.631339	0.488398
2.632909	0.487028
2.634479	0.485656
2.636049	0.484283
2.637619	0.482909
2.639189	0.481533
2.640759	0.480157
2.642329	0.478779
2.643899	0.477400
2.645469	0.476020
2.647039	0.474639
2.648609	0.473256
2.650179	0.471872
2.651749	0.470488
2.653319	0.469102
2.654889	0.467715
2.656459	0.466326
2.658029	0.464937
2.659599	0.463546
2.661169	0.462155
2.662739	0.460762
2.664309	0.459368
2.665879	0.457973
2.667449	0.456576
2.669019	0.455179
2.670589	0.453780
2.672159	0.452381
2.673730	0.450980
2.675300	0.449578
2.676870	0.448175
2.678440	0.446771
2.680010	0.445366
2.681580	0.443960
2.683150	0.442552
2.684720	0.441144
2.686290	0.439735
2.687860	0.438324
2.689430	0.436912
2.691000	0.435499
2.692570	0.434086
2.694140	0.432671
2.695710	0.431255
2.697280	0.429838
2.698850	0.428420
2.700420	0.427000
2.701990	0.425580
2.703560	0.424159
2.705130	0.422737
2.706700	0.421313
2.708270	0.419889
2.709840	0.418463
2.711410	0.417037
2.712980	0.415610
2.714550	0.414181
2.716120	0.412752
2.717690	0.411321
2.719260	0.409889
2.720830	0.408457
2.722400	0.407023
2.723970	0.405589
2.725540	0.404153
2.727110	0.402717
2.728680	0.401279
2.730250	0.399840
2.731820	0.398401
2.733390	0.396960
2.734960	0.395519
2.736530	0.394076
2.738100	0.392633
2.739670	0.391189
2.741240	0.389743
2.742810	0.388297
2.744380	0.386849
2.745950	0.385401
2.747520	0.383952
2.749090	0.382502
2.750660	0.381051
2.752230	0.379599
2.753800	0.378146
2.755370	0.376692
2.756940	0.375237
2.758510	0.373781
2.760080	0.372325
2.761650	0.370867
2.763220	0.369409
2.764790	0.367949
2.766360	0.366489
2.767930	0.365028
2.769500	0.363565
2.771070	0.362102
2.772640	0.360639
2.774210	0.359174
2.775780	0.357708
2.777350	0.356241
2.778920	0.354774
2.780490	0.353306
2.782060	0.351837
2.783630	0.350366
2.785200	0.348896
2.786770	0.347424
2.788340	0.345951
2.789910	0.344478
2.791480	0.343003
2.793050	0.341528
2.794620	0.340052
2.796190	0.338575
2.797760	0.337097
2.799330	0.335619
2.800900	0.334140
2.802470	0.332659
2.804040	0.331178
2.805610	0.329697
2.807180	0.328214
2.808750	0.326731
2.810321	0.325246
2.811891	0.323761
2.813461	0.322275
2.815031	0.320789
2.816601	0.319301
2.818171	0.317813
2.819741	0.316324
2.821311	0.314834
2.822881	0.313344
2.824451	0.311852
2.826021	0.310360
2.827591	0.308867
2.829161	0.307374
2.830731	0.305879
2.832301	0.304384
2.833871	0.302888
2.835441	0.301392
2.837011	0.299894
2.838581	0.298396
2.840151	0.296897
2.841721	0.295398
2.843291	0.293898
2.844861	0.292396
2.846431	0.290895
2.848001	0.289392
2.849571	0.287889
2.851141	0.286385
2.852711	0.284881
2.854281	0.283375
2.855851	0.281869
2.857421	0.280363
2.858991	0.278855
2.860561	0.277347
2.862131	0.275838
2.863701	0.274329
2.865271	0.272819
2.866841	0.271308
2.868411	0.269797
2.869981	0.268284
2.871551	0.266772
2.873121	0.265258
2.874691	0.263744
2.876261	0.262229
2.877831	0.260714
2.879401	0.259198
2.880971	0.257681
2.882541	0.256164
2.884111	0.254646
2.885681	0.253127
2.887251	0.251608
2.888821	0.250088
2.890391	0.248568
2.891961	0.247047
2.893531	0.245525
2.895101	0.244003
2.896671	0.242480
2.898241	0.240957
2.899811	0.239433
2.901381	0.237908
2.902951	0.236383
2.904521	0.234857
2.906091	0.233331
2.907661	0.231804
2.909231	0.230276
2.910801	0.228748
2.912371	0.227219
2.913941	0.225690
2.915511	0.224160
2.917081	0.222630
2.918651	0.221099
2.920221	0.219568
2.921791	0.218036
2.923361	0.216503
2.924931	0.214970
2.926501	0.213437
2.928071	0.211903
2.929641	0.210368
2.931211	0.208833
2.932781	0.207297
2.934351	0.205761
2.935921	0.204224
2.937491	0.202687
2.939061	0.201149
2.940631	0.199611
2.942201	0.198073
2.943771	0.196533
2.945341	0.194994
2.946912	0.193454
2.948482	0.191913
2.950052	0.190372
2.951622	0.188831
2.953192	0.187289
2.954762	0.185746
2.956332	0.184203
2.957902	0.182660
2.959472	0.181116
2.961042	0.179572
2.962612	0.178027
2.964182	0.176482
2.965752	0.174936
2.967322	0.173390
2.968892	0.171844
2.970462	0.170297
2.972032	0.168750
2.973602	0.167202
2.975172	0.165654
2.976742	0.164105
2.978312	0.162556
2.979882	0.161007
2.981452	0.159457
2.983022	0.157907
2.984592	0.156357
2.986162	0.154806
2.987732	0.153255
2.989302	0.151703
2.990872	0.150151
2.992442	0.148598
2.994012	0.147046
2.995582	0.145493
2.997152	0.143939
2.998722	0.142385
3.000292	0.140831
3.001862	0.139276
3.003432	0.137722
3.005002	0.136166
3.006572	0.134611
3.008142	0.133055
3.009712	0.131499
3.011282	0.129942
3.012852	0.128385
3.014422	0.126828
3.015992	0.125271
3.017562	0.123713
3.019132	0.122155
3.020702	0.120596
3.022272	0.119038
3.023842	0.117479
3.025412	0.115919
3.026982	0.114360
3.028552	0.112800
3.030122	0.111240
3.031692	0.109679
3.033262	0.108119
3.034832	0.106558
3.036402	0.104997
3.037972	0.103435
3.039542	0.101873
3.041112	0.100311
3.042682	0.098749
3.044252	0.097187
3.045822	0.095624
3.047392	0.094061
3.048962	0.092498
3.050532	0.090935
3.052102	0.089371
3.053672	0.087807
3.055242	0.086243
3.056812	0.084679
3.058382	0.083114
3.059952	0.081550
3.061522	0.079985
3.063092	0.078420
3.064662	0.076854
3.066232	0.075289
3.067802	0.073723
3.069372	0.072157
3.070942	0.070591
3.072512	0.069025
3.074082	0.067459
3.075652	0.065892
3.077222	0.064326
3.078792	0.062759
3.080362	0.061192
3.081932	0.059625
3.083502	0.058057
3.085073	0.056490
3.086643	0.054922
3.088213	0.053355
3.089783	0.051787
3.091353	0.050219
3.092923	0.048651
3.094493	0.047083
3.096063	0.045514
3.097633	0.043946
3.099203	0.042377
3.100773	0.040809
3.102343	0.039240
3.103913	0.037671
3.105483	0.036102
3.107053	0.034533
3.108623	0.032964
3.110193	0.031395
3.111763	0.029826
3.113333	0.028256
3.114903	0.026687
3.116473	0.025117
3.118043	0.023548
3.119613	0.021978
3.121183	0.020408
3.122753	0.018839
3.124323	0.017269
3.125893	0.015699
3.127463	0.014129
3.129033	0.012559
3.130603	0.010990
3.132173	0.009420
3.133743	0.007850
3.135313	0.006280
3.136883	0.004710
3.138453	0.003140
